SongName,AlbumName,AlbumLink,Year,PlayCount,Lyrics,SongLink,Duration
Smoke Filled Room - Acoustic Session,Smoke Filled Room (Acoustic Session),https://open.spotify.com/album/3VB0x2kFdt2T2ytvT3071d,2016,24409382,"Isn't it a little late
Shouldn't you fly away
Little dove with cigarettes
Show 'em that you can hold your breath
I heard about a girl
Buried her dolls and lost her curls
Painted on lipstick red
Grew herself up and then she'd
Walk into a smoke filled room
Oh no one could keep their eyes off you
Have a little drink or two
Oh how could you be that girl I knew
Walk into a smoke filled room
Little black dress and mama's shoes
Isn't it a bit too soon
Oh how could you be that girl I knew
♪
Walk into a smoke filled room
Oh I believe love will follow you
Isn't it a bit too soon
Oh how could you be that girl I knew
Take a step around the room
And every head keeps turning too
Little dove, you fight 'em back
Show em you're so much more than that
I heard about a girl
Buried her dolls and lost her curls
Painted on lipstick red
Grew herself up and then she'd
Walk into a smoke filled room
Oh no one could keep their eyes off you
Have a little drink or two
Oh how could you be that girl I knew
Walk into a smoke filled room
Little black dress and mama's shoes
Isn't it a bit too soon
Oh how could you be that girl I knew
♪
how could you be that girl I knew
♪
Oh how could you be that girl I knew
Walk into a smoke filled room
Oh I believe love will follow you
Isn't it a bit too soon
Oh how could you be that girl I knew",https://open.spotify.com/track/0ncp94ULTBgS0U3GZD80AC,189
What Have They Done To Us (ft. Sasha Alex Sloan) (from the series Arcane League of Legends),What Have They Done To Us (ft. Sasha Alex Sloan) (from the series Arcane League of Legends),https://open.spotify.com/album/0g1gjMqa230nBKXvHvPPR3,2025,9518232,"As you wake up in a cold sweat
♪
Little girl, what goes on in your head? (Goes on in your)
All this hatred in your heart, yet
I mourn the most for all the things I never said
♪
Don't make me go through this again
♪
You're not real and I can't pretend
This story is over, I ripped out the end
Tell me, who are you, then?
What have they done to us? (Tell me that you'll never come back)
(Tell me that you, tell me, would you please come back? I need you)
What have they done to us? (Tell me that you'll never come back)
(Tell me that you, tell me, would you please come back? I need you)
What have they done to us? (Tell me that you'll never come back)
(Tell me that you, tell me, would you please come back? I need you)
What have they done to us? (Tell me that you'll never come back)
(Tell me that you, tell me, would you please come back?)
♪
Save this memory for when we kiss it goodbye
Little girl, I won't see you again
Bury your scars deep as you can
Let the tears on my face wash the blood from your hands, little one
(That you'll never come back)
(Tell me that you, tell me, would you please come back?)
Don't make me go through this again
(Tell me that you'll never come back)
(Tell me that you, tell me, would you please come back?)
You're not real and I can't pretend
(Tell me that you'll never come back)
This story was over, I ripped out the end
Tell me, who are you, then?
What have they done to us? (Tell me that you'll never come back)
(Tell me that you, tell me, would you please come back? I need you)
What have they done to us? (Tell me that you'll never come back)
(Tell me that you, tell me, would you please come back? I need you)
What have they done to us? (Tell me that you'll never come back)
(Tell me that you, tell me, would you please come back? I need you)
What have they done to us? (Tell me that you'll never come back)
(Tell me that you, tell me, would you please come back?)
What have they done to us?",https://open.spotify.com/track/1VcFPlHTGkUuKv7emjBNVp,200
Let Go Of The Wheel,Hourglass,https://open.spotify.com/album/2j2U3SyYuAraU6ax4bztHv,2016,5774642,"Do you remember whispering on Friday night?
We were drinking whiskey at your father's house
You took me by the hand and then we kissed for hours
Those were the good days, those were the good days
Do you remember laughing took you far from here?
And I could see you crying even lend you held back tears
Leaving me behind was everything you feared
'Cause I remember the good days
What I'm trying to say is
Hey you, let go of the wheel
Let someone cut the breaks lose, let's get lost for real
I know that love will find a way to you, but would you trust me
If it took a leap of faith to make it real
Let go of the-
♪
Let go of the wheel
Do you remember climbing out your windowsill
You met me late at night before the sun could hold you still
We've run into a tire point
And camped out here
Holding onto the good days
What I'm trying to say is
Hey you, let go of the wheel
Let someone cut the breaks lose, let's get lost for real
I know that love will find a way to you, but would you trust me
If it took a leap of faith to make it real
Just let go of the wheel
♪
Just let go of the wheel
Let go of the wheel
What I'm trying to say is
Hey you, let go of the wheel
Let someone cut the breaks lose, let's get lost for real
I know that love will find a way to you, but would you trust me
If it took a leap of faith to make it real
Let go of the wheel",https://open.spotify.com/track/5u3QowKibqJkKrQRoslSN5,240
Roller Coaster - Jan Blomqvist Remix,Fable: The Remixes,https://open.spotify.com/album/2yhwJEZ8iwhaZZE4CZoUxY,2021,2158553,"What a night
Made you cry
Think I might've lost my appetite
Take a deep breath and let it lie
Second I said goodbye
I could feel my stomach drop like a roller coaster
Get me off the ride
No appetite to be loved by someone else for a long, long time
Oh-oh, oh-oh, oh-oh, oh-oh
To be loved by someone else for a long, long time
It's a roller coaster ride
To be loved by someone else for a long, long time
It's a roller coaster ride
To be loved by someone else for a long, long-
Silver tongue devil eye
I think I just droppеd my alibi
Take a deep breath and let it liе
Second I said goodbye
I could feel my stomach drop like a roller coaster
Get me off of this ride
Oh, get me off this ride, ride, ride
Oh, off this ride
It's a roller coaster ride
Roller coaster ride
♪
To be loved by someone else for a long, long time
It's a roller coaster ride
To be loved by someone else for a long, long time
It's a roller coaster ride
To be loved by someone else for a long, long time",https://open.spotify.com/track/0fGHA8wH4brxzHb8PD7pYK,260
Smoke Filled Room - Elephante Remix,Smoke Filled Room (Elephante Remix),https://open.spotify.com/album/3mNtSSyIbE9TEb8OH2C8xR,2015,7945436,"Isn't it a little late
Shouldn't you fly away
Little dove with cigarettes
Show 'em that you can hold your breath
I heard about a girl
Buried her dolls and lost her curls
Painted on lipstick red
Grew herself up and then she'd
Walk into a smoke filled room
Oh no one could keep their eyes off you
Have a little drink or two
Oh how could you be that girl I knew
Walk into a smoke filled room
Little black dress and mama's shoes
Isn't it a bit too soon
Oh how could you be that girl I knew
♪
Walk into a smoke filled room
Oh I believe love will follow you
Isn't it a bit too soon
Oh how could you be that girl I knew
♪
Take a step around the room
And every head keeps turning too
Little dove, you fight 'em back
Show em you're so much more than that
I heard about a girl
Buried her dolls and lost her curls
Painted on lipstick red
Grew herself up and then she'd
Walk into a smoke filled room
Oh no one could keep their eyes off you
Have a little drink or two
Oh how could you be that girl I knew
Walk into a smoke filled room
Little black dress and mama's shoes
Isn't it a bit too soon
Oh how could you be that girl I knew",https://open.spotify.com/track/6yRPlWxFY2gVki7BtvS1ZL,223
I Won't Let You Walk Away (feat. Madison Beer) - Luke Shay Remix,I Won't Let You Walk Away (feat. Madison Beer) [Luke Shay Remix],https://open.spotify.com/album/2vPhDRS86z7TMKSWveLz2k,2015,2759219,"I know I won't stop if you give me the keys
'Cause I can drive it like a criminal
I won't watch if you want me to leave
'Cause I keep lookin' back for a miracle.
I'm just a lighter without a spark,
Take a bullet right straight through the heart,
Oh, I've made my mistakes,
But I won't let you walk away!
Please don't tell me you're gone 'cause
Baby, I want this
Please don't give it too long 'cause
Baby, I got this.
Please don't tell me you're gone 'cause
Baby, I want this
Please, 'cause I won't let you walk away.
♪
I got my windows down, getting lost in the breeze
And I feel like I'm causing a fairytale
I can't stop wanting you next to me
'Cause I keep holding up for a miracle.
I'm just a lighter without a spark,
Take a bullet right straight through the heart,
Oh, I've made my mistakes,
But I won't let you walk away!
♪
I won't let you walk away!
Oh oh oh oh oh oh oh oh
Oh oh oh oh oh oh oh oh
Oh oh oh oh oh oh oh oh
I won't let you walk away
♪
I won't let you walk away
Oh oh oh oh oh oh oh oh
Oh oh oh oh oh oh oh oh
Oh oh oh oh oh oh oh oh
I won't let you walk away!",https://open.spotify.com/track/3oiSuCoQTlUeoJwfq0g60f,250
Devil May Cry,Hourglass,https://open.spotify.com/album/2j2U3SyYuAraU6ax4bztHv,2016,4661150,"I'm starting to crave it, I'm starting to need it
I'm not gonna fake what I know I believe in
Because you are, are, are, are holy water
I'm dying of thirst, no, I'm not gonna make it, oh
I'd sell you my soul
If only my heart wasn't empty
I'd give you my love
If all I got was a heartbreak
Please save me from hell
'Cause I've got one foot in the grave
If I made you my God
The Devil may cry
♪
I've got too many sins
I've got too many problems
With one touch of your skin
You'd know how to solve them
Because you are, are, are, are holy water
I'm dying of thirst, no, I'm not gonna make it
I'd sell you my soul
If only my heart wasn't empty
I'd give you my love
If all I got was a heartbreak
Please save me from hell
'Cause I've got one foot in the grave
If I made you my God
The Devil may cry
♪
The Devil may cry",https://open.spotify.com/track/16J8IBHqKE3wzfbZZxArdY,193
Paradise Lost,Hourglass,https://open.spotify.com/album/2j2U3SyYuAraU6ax4bztHv,2016,2404898,"A day late, a dollar short
Feels stuck up in here, here before
Just too good to be true
Daybreak, another morn'
I was meant for something more
That night I left you
I was searching for something I had all along
You don't know it's good 'til it's gone
Oh I made my mistakes
But I tried to stand tall
Like you taught me, you taught me that day
Can we get back to the way it was before
Can we go back to the days before the fall
When we, we had nothing
And nothing was enough
Oh it feels, oh it feels like paradise
Paradise lost
♪
Breathe to me what I saw
Shadows running up against the wall
Oh what can I do?
Met an angel I've never seen before
Whispering a song to my head
That night I left you
I was searching for something I had all along
You don't know it's good 'til it's gone
Oh I made my mistakes
But I tried to stand tall
Like you taught me, you taught me that day
Can we get back to the way it was before
Can we go back to the days before the fall
When we, we had nothing
And nothing was enough
Oh it feels, oh it feels like paradise
Paradise lost
♪
Can we get back to the way it was before
Can we go back to the days before the fall
When we, we had nothing
And nothing was enough
Oh it feels, oh it feels like paradise
Paradise lost",https://open.spotify.com/track/1yMq0JhsSVeQWcsulhQq2r,210
Not Alone - Tom & Jame Remix,Not Alone (The Remixes),https://open.spotify.com/album/7r05tq3tjq5yfDN2HLuVxa,2016,10764,"You are not alone
Are not alone
Are not alone
Are not alone
Are not alone
Are not alone
Are not alone
Are not alone
You are not alone
Are not alone
Are not alone
Are not alone
Are not alone
Are not alone
Are not alone
Not alone
I'm making up every minute
A little bit tired
I've ended up in the middle of
Million times
I can't keep up with the feeling
I'm living in now
And I could see you holding on
If only for a moment at all
I wish I could hold the dark
Away for long for you
But you gotta know
You are not alone
Are not alone
Not alone, no
You are not alone
Are not alone
Not alone, no
Not alone",https://open.spotify.com/track/4oWJBnQFMgAs7rtBF3y2pV,262
What Have They Done To Us (from the series Arcane League of Legends),What Have They Done To Us (ft. Sasha Alex Sloan) (from the series Arcane League of Legends),https://open.spotify.com/album/0g1gjMqa230nBKXvHvPPR3,2025,34584728,"As you wake up in a cold sweat
Little girl, what goes on in your head?
All this hatred in your heart, yet
I mourn the most for all the things that I never said
Don't make me go through this again
You're not real and I can't pretend
This story is over, I ripped out the end
Tell me, who are you, then?
What have they done to us?
♪
What have they done to us?
♪
What have they done to us?
♪
What have they done to us?",https://open.spotify.com/track/52vJ4Hzpc155GTcfoOY9Xl,119
Our Story - Thomas Newson Remix,Our Story (Remixes),https://open.spotify.com/album/76FOc98VhWSb2a9CPCj1AS,2014,366109,"Take a look past our innocence
♪
Take a step back to yesterday
When life move slower, we would never grow up
All we knew that love was for when we're older
Anything could happen, secretly imagine
They could never tear us apart too young to fall
This is our story, that we could take back some day
Our lonely glory, that we could get back they say
This is our story, that we could take back some day
Our hope if only, we could take back some day",https://open.spotify.com/track/5Ie4DAZugNA6ae4AXwXsq6,318
Way Back Home - WE ARE FURY Remix,The Remixes,https://open.spotify.com/album/6X3jj5EhtGWuk2t4sNZeb6,2016,1119563,"We washed away the pains of yesterday
And you ran so very far away from me
My eyes, they watched you go
And all I know is that
I never wanna feel the same again
When you looked at me I know
Why I never felt so
Alive Alive Alive
♪
Alive Alive Alive
Alive Alive Alive
Alive Alive
DO YOU THINK WE CAN FIND OUT WAY BACK HOME?
♪
We washed away the pains of yesterday
And you ran so very far away from me
My eyes, they watched you go
And all I know is that
I never wanna feel the same again
♪
We could find our way back
We could find our way back
Way back",https://open.spotify.com/track/50Vqj7OFBx8Q9BiwgDfVJ6,236
I Won't Let You Walk Away (feat. Madison Beer) - Lost Kings Remix,I Won't Let You Walk Away (feat. Madison Beer) [Remixes],https://open.spotify.com/album/5yJ9a1w96QVwGd402DaVgi,2015,31842631,"I know I won't stop if you give me the keys
'Cause I can drive it like a criminal
I won't watch if you want me to leave
'Cause I keep lookin' back for a miracle.
I'm just a lighter without a spark,
Take a bullet right straight through the heart,
Oh, I've made my mistakes,
But I won't let you walk away!
Please don't tell me you're gone 'cause
Baby, I want this
Please don't give it too long 'cause
Baby, I got this.
Please don't tell me you're gone 'cause
Baby, I want this
Please, 'cause I won't let you walk away.
I got my windows down, getting lost in the breeze
And I feel like I'm causing a fairytale
I can't stop wanting you next to me
'Cause I keep holding up for a miracle.
I'm just a lighter without a spark,
Take a bullet right straight through the heart,
Oh, I've made my mistakes,
But I won't let you walk away!
I won't let you walk away!
Oh oh oh oh oh oh oh oh
Oh oh oh oh oh oh oh oh
Oh oh oh oh oh oh oh oh
I won't let you walk away
I won't let you walk away
Oh oh oh oh oh oh oh oh
Oh oh oh oh oh oh oh oh
Oh oh oh oh oh oh oh oh
I won't let you walk away!",https://open.spotify.com/track/28cKwj13J7ZVbszs9xvJzX,246
Way Back Home,Way Back Home,https://open.spotify.com/album/0OLRBNSIlWTxHf46mjrd6N,2015,4754815,"We washed away the pains of yesterday
And you had run so very far away from me
My eyes, they watched you go and all I know
Is that I never wanna feel the same again
When you looked at me I know
Why I never felt so alive, alive, alive
Alive, alive, alive
Alive, alive, alive
Alive
Do you think we could find our way back home?
We washed away the pains of yesterday
And you had run so very far away from me
My eyes, they watched you go and all I know
Is that I never wanna feel the same again
Do you think we could find our way back home?",https://open.spotify.com/track/4s1vTjDmDkkfcPu24yHaUl,281
I Won't Let You Walk Away (feat. Madison Beer) - Radio Edit,I Won't Let You Walk Away (feat. Madison Beer) [Radio Edit],https://open.spotify.com/album/2Zr9wa4KpXZUifPo35dP1s,2015,14677925,"I know I won't stop if you give me the keys
'Cause I can drive it like a criminal
I won't watch if you want to leave
'Cause I keep lookin' back for a miracle
I'm just a lighter without a spark
Take a bullet right straight through the heart
Oh, I have made my mistakes
But I won't let you walk away
Please don't tell me you're gone 'cause baby, I want this
Please don't give it too long to this 'cause baby, I got this
Please don't tell me you're gone 'cause baby, I want this
Please, 'cause I won't let you walk away
I got my windows down, getting lost in the breeze
And I feel like I'm causing a fairy tale
I can't stop wanting you next to me
'Cause I keep holding up for a miracle
I'm just a lighter without a spark
Take a bullet right straight through the heart
Oh, I've made my mistakes
But I won't let you walk away
♪
I won't let you walk away
Oh-oh, oh-oh-oh-oh
Oh-oh, oh-oh-oh-oh
Oh-oh, oh-oh-oh-oh
I won't let you walk away
♪
I won't let you walk away
Oh-oh, oh-oh-oh-oh
Oh-oh, oh-oh-oh-oh
Oh-oh, oh-oh-oh-oh
I won't let you walk away",https://open.spotify.com/track/02luOsVJEhcVH5Zf3n7Gq6,166
Wish You Back (feat. Kwesi) - The Him Radio Edit,Hourglass,https://open.spotify.com/album/2j2U3SyYuAraU6ax4bztHv,2016,2693200,"I get so deep in the bottle
That I can't swim back out
I swear I'm meant to call you
If I could get back out
At five o'clock my shadow empty as a grave
I hope you can forgive
That I let slip nine-hundred chances to say
I love you
'Cause I take one step forward
Take two steps back
I keep reaching out for you
But you already left
And I don't know when we fell off track
But if I had one wish
I'd wish you back
I'd wish you back
♪
Do you remember?
'Cause I just can't forget
If I could see you smile like that again
It'd mean everything
And I know that I lost you out in the rain
I hope you can forgive
That I let slip nine-hundred chances to say
I love you
'Cause I take one step forward
Take two steps back
I keep reaching out for you
But you already left
And I don't know when we fell off track
If I had one wish
I'd wish you back
I'd wish you back
♪
I'd wish you back
I'd wish you, I'd wish you, I'd wish you
I'd wish you back",https://open.spotify.com/track/6gEzt7YIpq9zILk3ddlZvf,199
Smoke Filled Room,Smoke Filled Room,https://open.spotify.com/album/6EDZJyo0TklvjcWaUtn1SZ,2015,42197293,"Isn't it a little late
Shouldn't you fly away
Little dove with cigarettes
Show 'em that you can hold your breath
I heard about a girl
Buried her dolls and lost her curls
Painted on lipstick red
Grew herself up and then she'd
Walk into a smoke filled room
Oh no one could keep their eyes off you
Have a little drink or two
Oh how could you be that girl I knew
Walk into a smoke filled room
Little black dress and mama's shoes
Isn't it a bit too soon
Oh how could you be that girl I knew
♪
Oh how could you be that girl I knew
Walk into a smoke filled room
Oh I believe love will follow you
Isn't it a bit too soon
Oh how could you be that girl I knew
Take a step around the room
And every head keeps turning too
Little dove, you fight 'em back
Show em you're so much more than that
I heard about a girl
Buried her dolls and lost her curls
Painted on lipstick red
Grew herself up and then she'd
Walk into a smoke filled room
Oh no one could keep their eyes off you
Have a little drink or two
Oh how could you be that girl I knew
Walk into a smoke filled room
Little black dress and mama's shoes
Isn't it a bit too soon
Oh how could you be that girl I knew
♪
Oh how could you be that girl I knew
Walk into a smoke filled room
Oh I believe love will follow you
Isn't it a bit too soon
Oh how could you be that girl I knew",https://open.spotify.com/track/4f13AaRyukUTWleyKXaRDh,195
Smoke Filled Room - Fawks Remix,Smoke Filled Room (Remixes),https://open.spotify.com/album/0hQWP4VhbDof5siqvlUADH,2015,1718351,"Isn't it a little late
Shouldn't you fly away
Little dove with cigarettes
Show 'em that you can hold your breath
I heard about a girl
Buried her dolls and lost her curls
Painted on lipstick red
Grew herself up and then she'd
Walk into a smoke filled room
Oh no one could keep their eyes off you
Have a little drink or two
Oh how could you be that girl I knew
Walk into a smoke filled room
Little black dress and mama's shoes
Isn't it a bit too soon
Oh how could you be that girl I knew
How could you be that girl I knew
♪
Walk into a smoke filled room
Oh no one could keep their eyes off you
Have a little drink or two
Oh how could you be that girl I knew
Walk into a smoke filled room
Little black dress and mama's shoes
Isn't it a bit too soon
Oh how could you be that girl I knew
how could you be that girl I knew
♪
Isn't it a little late
Shouldn't you fly away
Little dove with cigarettes
Show 'em that you can hold your breath
I heard about a girl
Buried her dolls and lost her curls
Painted on lipstick red
Grew herself up and then she'd
Walk into a smoke filled room
Oh no one could keep their eyes off you
Have a little drink or two
Oh how could you be that girl I knew
Walk into a smoke filled room
Little black dress and mama's shoes
Isn't it a bit too soon
Oh how could you be that girl I knew
♪
How could you be that girl I knew",https://open.spotify.com/track/0JTK1PRS0Ykie4vCRHLD7k,292
Smoke Filled Room - Luca Schreiner Remix,The Remixes,https://open.spotify.com/album/6X3jj5EhtGWuk2t4sNZeb6,2016,899130,"Isn't it a little late
Shouldn't you fly away
Little dove with cigarettes
Show 'em that you can hold your breath
I heard about a girl
Buried her dolls and lost her curls
Painted on lipstick red
Grew herself up and then she'd
Walk into a smoke filled room
Oh no one could keep their eyes off you
Have a little drink or two
Oh how could you be that girl I knew
Walk into a smoke filled room
Little black dress and mama's shoes
Isn't it a bit too soon
♪
Oh how could you be that girl I knew
Walk into a smoke filled room
Oh I believe love will follow you
Isn't it a bit too soon
Oh how could you be that girl I knew
Take a step around the room
And every head keeps turning too
Little dove, you fight 'em back
Show em you're so much more than that
I heard about a girl
Buried her dolls and lost her curls
Painted on lipstick red
Grew herself up and then she'd
Walk into a smoke filled room
Oh no one could keep their eyes off you
Have a little drink or two
Oh how could you be that girl I knew
Walk into a smoke filled room
Little black dress and mama's shoes
Isn't it a bit too soon
Oh how could you be that girl I knew
Walk into a smoke filled room
Oh I believe love will follow you
Isn't it a bit too soon
Oh how could you be that girl I knew
Walk into a smoke filled room
Oh I believe love will follow you
Isn't it a bit too soon
Oh how could you be that girl I knew",https://open.spotify.com/track/6lNJxQPVVse0submBV4HFr,308
Smoke Filled Room - Severo Remix,Smoke Filled Room (Severo Remix),https://open.spotify.com/album/1GdDjqgDVygTPhGGZ5bvnW,2016,1971676,"Isn't it a little late
Shouldn't you fly away
Little dove with cigarettes
Show 'em that you can hold your breath
I heard about a girl
Buried her dolls and lost her curls
Painted on lipstick red
Grew herself up and then she'd
Walk into a smoke filled room
Oh no one could keep their eyes off you
Have a little drink or two
Oh how could you be that girl I knew
Walk into a smoke filled room
Little black dress and mama's shoes
Isn't it a bit too soon
Oh how could you be that girl I knew
Walk into a smoke filled room
Oh I believe love will follow you
Isn't it a bit too soon
Oh how could you be that girl I knew
Take a step around the room
And every head keeps turning too
Little dove, you fight 'em back
Show em you're so much more than that
I heard about a girl
Buried her dolls and lost her curls
Painted on lipstick red
Grew herself up and then she'd
Walk into a smoke filled room
Oh no one could keep their eyes off you
Have a little drink or two
Oh how could you be that girl I knew
Walk into a smoke filled room
Little black dress and mama's shoes
♪
Isn't it a bit too soon
Oh how could you be that girl I knew",https://open.spotify.com/track/44ljhbOzdApfYkdrgKMXUs,183
Way Back Home,Hourglass,https://open.spotify.com/album/2j2U3SyYuAraU6ax4bztHv,2016,4754815,"We washed away the pains of yesterday
And you had run so very far away from me
My eyes, they watched you go and all I know
Is that I never wanna feel the same again
When you looked at me I know
Why I never felt so alive, alive, alive
Alive, alive, alive
Alive, alive, alive
Alive
Do you think we could find our way back home?
♪
We washed away the pains of yesterday
And you had run so very far away from me
My eyes, they watched you go and all I know
Is that I never wanna feel the same again
♪
Do you think we could find our way back home?",https://open.spotify.com/track/1R3Df6pzpZzuljoLtD69j8,279
Ghosts - Radio Edit,Ghosts (Radio Edit),https://open.spotify.com/album/6d6k8hcVll3NcxfwtQcn2W,2014,3996883,"You've confessed all you had to do
Youth possessed out of fear that they never had to lose
Are we changing I need you to say that
Tomorrow we're safe from our yesterday
Who are the Ghosts watching over us
Who do we follow when we're lost and we've had enough
Who are the Ghosts watching all of us
Who do we call to know we're not here alone in the dark
Know we're not here alone in the dark
Who are the Ghosts watching all of us
Who do we call to know we're not here alone in the dark
You've confessed all you had to do
Youth possessed out of fear that they never had to lose
Are we changing I need you to say that
Tomorrow we're safe from our yesterday
Who are the Ghosts watching over us
Who do we follow when we're lost and we've had enough
Who are the Ghosts watching all of us
Who do we call to know we're not here alone in the dark
Who are the Ghosts watching all of us
Who do we call to know we're not here alone in the dark",https://open.spotify.com/track/7deidgGN4CK6V8GXDryvyE,236
Our Story - Hourglass Finale,Hourglass,https://open.spotify.com/album/2j2U3SyYuAraU6ax4bztHv,2016,2740308,"Take a look past our innocence, take a step back to yesterday
When life would move slower, we would never grow up
All we knew that love was for when we're older
Anything could happen, secretly imagine
They could never tear us apart too young to fall
This is our story that we could take back some day
Our lonely glory that we could get back they say
This is our story that we could take back some day
Our hope if only that we could take back some day
♪
Take a look past our innocence, take a step back to yesterday
When life would move slower, we would never grow up
All we knew that love was for when we're older
Anything could happen, secretly imagine
They could never tear us apart too young to fall
This is our story that we could get back some day
Our lonely glory that we could get back they say
This is our story that we could take back some day
Our hope if only that we could take back some day
This is our story that we could take back some day
Our lonely glory that we could get back they say
This is our story that we could take back some day
Our hope if only that we could get back they say
This is our story
Our lonely glory that we could get back they say
This is our story that we could take back some day
Our hope if only that we could take back some",https://open.spotify.com/track/5F38fTEP6LncVVj9mTywNM,294
Misfit Toys (from the series Arcane League of Legends),Misfit Toys (from the series Arcane League of Legends),https://open.spotify.com/album/76wOGJh4irz8szcQ0PsgUU,2021,64289521,"I declare war
On anybody standing in the way of what I dream for (dream for)
How could you ignore (ignore)
The ones that are voiceless, screams from the poor (from the poor)
They only here to score
I do it for the underground kings that'll need more (need more)
I'm kickin' down your door (door)
If I wonder why you got a pocket full of green for
It's all about the get back
It's hard to give back while the politicians kick back (kick back)
They say I'm only brick rap (brick rap)
Well, that's the foundation of this mountain that I live at
I can get you kidnapped (kidnapped)
These kids ain't playin' with you, actin' like you live rap (live rap)
And all those little mishaps
That only happen to you misfits, I'm here to fix that (yah)
Time to dig up your grave
Make it lower your voice
I told you not to play with the misfit toys
We running this gang
Getting sick of your noise
You stranded with a bad bunch of misfit toys
Rich get richer while the poor pickpocket (pickpocket)
Swipes Maxwell 'til the cops come knockin' (knockin')
Have or have not, bein' broke is not an option
Time after time when you got a thing for watches
When you the plug in the socket
And the powers that be can't stop it
So obnoxious, borderline toxic
Both sides go to war like a mosh pit
Now let me switch up the optics
Our neighborhoods held us hostage (that's real)
Some nights we slept in our closets (that's real)
Gun fights was outside the projects
So you can't blame me for nonsense
I'm here to collect deposits (deposits)
All else defies the logic (logic)
My people need me beside them (now)
Time to dig up your grave
Make it lower your voice
I told you not to play with the misfit toys
We running this gang
Getting sick of your noise
You stranded with a bad bunch of misfit toys
Don't play with the misfits
Come play with the misfits
Don't play with the misfits
Come and play with the misfits (I, I, I)
I told you don't play with the misfits
Must be deaf dumb and blind you a triplet
Don't you make me erase your existence
All by my lonely need no assistance
Any disrespect gets met with a vengeance
Burn down gossip and hidden agendas
We set the tone for all to remember
You rewrite history the greatest pretenders
(You rewrite history the greatest pretenders)
Time to dig up your grave
Make it lower your voice
I told you not to play with the misfit toys
We running this gang
Getting sick of your noise
You stranded with a bad bunch of misfit toys
Don't play with the misfits
Come play with the misfits (yes)
You stranded with a bad bunch of misfit toys",https://open.spotify.com/track/0oKPOxrcUkvJ8YVaV79qE8,189
Children Of The Wild (feat. Mako),Children Of The Wild (feat. Mako),https://open.spotify.com/album/1AuLbKhgKagvHL0rnJ133H,2015,28512126,"We are children of the wild
We take our chance to face the fall
Go on and on and on
To chase our shadows of the wall
As children of the wild we make our choices on our own
Our path is full of fear but must be taken all alone
As children of the wild
We take our chance to face the fall
Go on and on and on
To chase our shadows of the wall
As children of the wild we make our choices on our own
Our path is full of fear but must be taken all alone
♪
We are children of the wild
We take our chance to face the fall
Go on and on and on
To chase our shadows of the wall
As children of the wild, we make our choices on our own
Our path is full of fear but must be taken all alone
As children of the wild
We take our chance to face the fall
Go on and on and on
To chase our shadows of the wall
As children of the wild, we make our choices on our own
Our path is full of fear but must be taken all alone
♪
As children of the wild
We take our chance to face the fall
Go on and on and on)
To chase our shadows of the wall
As children of the wild, we make our choices on our own
Our path is full of fear but must be taken all alone
We are the children of the wild",https://open.spotify.com/track/7xRQZjynlfUeSatKMiz8qG,251
Run For Your Life (feat. Natalola),Hourglass,https://open.spotify.com/album/2j2U3SyYuAraU6ax4bztHv,2016,13821024,"You bought yourself a little freedom
Yeah I know you saved up, yeah you saved up
So make it last
You got some brand new sneakers
Little darling lace up, darling lace up
And make it fast
They'll try to make you talk
Don't give them nothing
You're up against the wall
Waiting for judgement
Open your prison door
Nobody's watching
You only get one shot
You better run for your life
♪
You better run for your life
♪
Is it everything you dream of?
Now that you've got your eyes up, got your eyes up
Off the ground
You hear me yelling at your treason [?]
Little rebel rise up, go and rise up
And make us proud
They'll feed you sense and doubt
Play on your conscience
But you'd rather risk it all
Fighting for justice
Here's what you waited for
Everyone's watching
You only get one shot
You better run for your life
♪
You better run for your life
♪
They'll try to make you talk
Don't give them nothing
You're up against the wall
Waiting for judgement
Open your prison door
Nobody's watching
You only get one shot
You better run for your life
You better run for your life
♪
You better run for your life
You better run for your life
♪
You better run for your life
You better run for your life
You better run for your life",https://open.spotify.com/track/70CtpUY5b3kJHXxKtMO9Hk,200
North Dakota,Hourglass,https://open.spotify.com/album/2j2U3SyYuAraU6ax4bztHv,2016,1581064,"I think that I'd love North Dakota
I saw it once inside a magazine
Get this chip up off of my shoulder
Settle down somewhere the grass is green
'Cause California dreams has too many sleepless nights
I wanna feel the earth beneath my feet
Been searching for relief from all these city lights
I just need a place to let me be
Let me be free
Let me be whole again
Let me be me
Let me take hold again
Let me be free
Let me be free
I took a ride in New York City
But, it was too much cocaine and the girls ain't cheap
I had to get out before it killed me
Running good ain't running at that speed
'Cause California dreams has too many sleepless nights
I wanna feel the earth beneath my feet
Been searching for relief from all these city lights
I just need a place to let me be
Let me be free
Let me be whole again
Let me be me
Let me take hold again
Let me be free
Let me be free
♪
Let me be free
Let me be whole again
Let me be me
Let me take hold again
Let me be free
Let me be whole again
Let me be me
Let me take hold again
Let me be free
Let me be free",https://open.spotify.com/track/2l70NKAySm5pCzRAZxzPbn,190
Real Life,Hourglass,https://open.spotify.com/album/2j2U3SyYuAraU6ax4bztHv,2016,2711795,"Last night I packed up all my clothing
Patched up all the holes in yesterday
I tried to make it on my own here
It gets a little lonely way down here
But my father told me, ""Son, stand up tall
The world is too crowded to live without love""
And that's when she walked right through my front door
Like some kind of magic, oh, she's got me asking
Is this really real life?
♪
Is this really real life?
♪
Is this really real life?
♪
Last night I wrote my own confession
Counted up my blessings from today
You got anything to slow my beat at night
It's just a little hard to believe you're here
But my father told me, ""Son, stand up tall
The world is too crowded to live without love""
And that's when she walked right through my front door
Like some kind of magic, oh, she's got me asking
Is this really real life?
♪
Is this really real life?
♪
Is it coming from nowhere?
I'm worn out at night things
She told me she don't care
She told me she loved me
You can't buy the sunset
A kiss on the door step
Making a young man keep asking all night
Is this really real life?
♪
Is this really real life?
♪
Is this really real life?",https://open.spotify.com/track/4FbBOsAH9z3edlKdC1zt66,176
Lose You Now (Acoustic),Lose You Now (Acoustic),https://open.spotify.com/album/0CiJCYgMMfzGI6LSV0bBzA,2021,1688684,"I wish I could remember every second we had
I know I tried to count 'em all one by one, one by one
But you don't get 'em back, you don't get 'em back
Take every memory we've ever had
Oh, I wanna live 'em all one by one, one by one
And I swear that I'm not gonna lose you now
I'll keep you in my life somehow
And even when the lights go down, down
I could never lose you now
And even though we're not so close, yeah
Maybe you can pick me up still
'Cause I can't stop falling down
I can't stop falling down
And I'm not gonna lose you now
♪
Oh, I'm not gonna lose you now
♪
Oh, I can still remember all the lessons you gave me
I hope that I can live 'em all one by one, one by one
Don't you go looking back, there's no looking back
And I don't mean to open every picture I saved, yeah
I'm only tryin' to visit with you one by one, one by one
And I swear that I'm not gonna lose you now
I Need you in my life somehow
And even when the lights go down, down
I could never lose you now
Even though we're not so close, yeah
Maybe you can pick me up still
'Cause I can't stop falling down
I can't stop falling down
And I'm not gonna lose you
♪
Even when I'm fallin' down
I'm not gonna lose you
'Cause I can't stop fallin' down
I can't stop fallin' down
I'll keep you in my life somehow
And even when the lights go down, down
I'm not gonna lose you now
I'm not gonna lose you now",https://open.spotify.com/track/5d08yruwIoNUnJ7raLyFrL,189
Craziest Day I Ever Had,Hourglass,https://open.spotify.com/album/2j2U3SyYuAraU6ax4bztHv,2016,2159282,"Can I tell you bout the craziest day I ever had
It started with a boy just coming from his past
Then you never knew what day got in his plans
All I know
I was driving down Sunset
Down on my luck, car broke down
I was sticking my thumb out
Driver had the door up, said her name was Dora
Had a cute smile and a tatoo on her forehead
Come and play, come and play, come and play with me
Far away, far away, far away
Oh we drank all day
And we danced all night
I woke up inside a church somewhere on the west side
No regrets
We're running out of time
I know
We only get one shot
♪
We only get one shot
♪
Somehow we landed in a jail cell, wasn't half bad
A couple tall tails and made a couple friends
I could fit it in able locked up for revenge
All I know
He was risking too deeper, handed out his gun
He used to be a preacher then he found love
Saying ""If it come easy, it weren't much""
I never thought teachers come in hand cuffs
And he said
Come and play, come and play, come and play with me
Far away, far away, far away
Oh we drank all day
And we danced all night
I woke up inside a church somewhere on the west side
No regrets
We're running out of time
I know
We only get one shot
♪
We only get one shot
♪
Come and play, come and play, come and play with me
Far away, far away, far away
Oh we drank all day
And we danced all night
I woke up inside a church somewhere on the west side
No regrets
We're running out of time
I know
We only get one shot
♪
We only get one shot
♪
We only get one shot
♪
We only get one shot",https://open.spotify.com/track/6ASjUNMqEOKp8gDqRcjkns,202
Our Story - Norin & Rad vs. Kevin Wild Remix,Our Story (Remixes),https://open.spotify.com/album/76FOc98VhWSb2a9CPCj1AS,2014,121929,"Take a look past our innocence
♪
Take a step back to yesterday
When life would move slower, we would never grow up
All we knew that love was for when we're older
Anything could happen, secretly imagine
They could never tear us apart too young to fall
This is our story, that we could take back some day
Our lonely glory, that we could get back they say
This is our story, that we could take back some day
♪
Our hope if only, we could take back some day",https://open.spotify.com/track/0jpGny9SnShoHvHdipdhdA,402
